- platform: template
    name: "Off"
    on_press:
      - remote_transmitter.transmit_raw:
          carrier_frequency: 38kHz
          data: [
            8455, -4196, 542, -1566, 541, -539, 519, -535, 513, -541, 
            517, -1565, 541, -538, 520, -534, 514, -540, 518, -1563, 
            544, -1565, 542, -538, 520, -533, 515, -539, 519, -535, 
            513, -541, 517, -536, 522, -532, 516, -538, 520, -533, 
            515, -539, 519, -535, 513, -1569, 538, -542, 516, -1566, 
            541, -539, 519, -534, 514, -540, 518, -1564, 542
          ]

- platform: template
    name: "Power"
    on_press:
      - remote_transmitter.transmit_raw:
          carrier_frequency: 38kHz
          data: [
    8455, -4196, 542, -1566, 541, -539, 519, -535, 513, -541, 517, -1565, 
    541, -538, 520, -534, 514, -540, 518, -1563, 544, -1565, 542, -538, 
    520, -533, 515, -539, 519, -535, 513, -541, 517, -536, 522, -532, 
    516, -538, 520, -533, 515, -539, 519, -535, 513, -1569, 538, -542, 
    516, -1566, 541, -539, 519, -534, 514, -540, 518, -1564, 542
  ]
